过渡图片 288 512 292 515
背景_白天 288 512 0 0
背景_夜晚 288 512 292 0
文本_标题 178 48 702 182
文本_教程 114 98 584 182
文本_准备 196 62 584 116
文本_游戏结束 204 54 784 116
文本_版权 126 14 884 182
小鸟0_0 34 24 5 982
小鸟0_1 34 24 61 982
小鸟0_2 34 24 117 982
小鸟1_0 34 24 173 982
小鸟1_1 34 24 229 658
小鸟1_2 34 24 229 710
小鸟2_0 34 24 229 762
小鸟2_1 34 24 229 814
小鸟2_2 34 24 229 866
黑色 32 32 584 412
白色 32 32 584 448
闪光_00 10 10 276 682
闪光_01 10 10 276 734
闪光_02 10 10 276 786
按钮_OK 80 28 924 84
按钮_暂停 26 28 242 612
按钮_评分 74 48 924 0
按钮_继续 26 28 668 284
按钮_最高分 116 70 822 234
按钮_重新开始 116 70 702 316
按钮_分享 116 70 822 316
按钮_开始 116 70 702 234
按钮_菜单 80 28 924 52
按钮_分享_小 80 28 584 284
地面 336 112 584 0
铜牌 44 44 224 954
银牌 44 44 224 906
金牌 44 44 242 564
铂金牌 44 44 242 516
新成绩 32 14 224 1002
数字_大_0 24 36 992 120
数字_大_1 16 36 272 910
数字_大_2 24 36 584 320
数字_大_3 24 36 612 320
数字_大_4 24 36 640 320
数字_大_5 24 36 668 320
数字_大_6 24 36 584 368
数字_大_7 24 36 612 368
数字_大_8 24 36 640 368
数字_大_9 24 36 668 368
数字_中_0 16 20 272 612
数字_中_1 16 20 272 954
数字_中_2 16 20 272 978
数字_中_3 16 20 260 1002
数字_中_4 16 20 1002 0
数字_中_5 16 20 1002 24
数字_中_6 16 20 1008 52
数字_中_7 16 20 1008 84
数字_中_8 16 20 584 484
数字_中_9 16 20 620 412
数字_小_0 12 14 276 646
数字_小_1 12 14 276 664
数字_小_2 12 14 276 698
数字_小_3 12 14 276 716
数字_小_4 12 14 276 750
数字_小_5 12 14 276 768
数字_小_6 12 14 276 802
数字_小_7 12 14 276 820
数字_小_8 12 14 276 854
数字_小_9 12 14 276 872
水管_上 52 320 112 646
水管_下 52 320 168 646
水管_上_2 52 320 0 646
水管_下_2 52 320 56 646
得分板 238 126 0 516